$ANSIBLE_VAULT;1.1;AES256
61383330633130616264333464393935626464303635613639323562643363626530396332646466
6636613132343464653031353961653935653033363564630a333137383665633565336639336432
33306536326365626333643430373139643836613164613065343936636139656261383737663533
6533316337346433640a313564663235373337663431313739653466393535656631346236626264
62653863393261663364313661353433643136353939356361663830346636396435653239613936
65633762626430306539373530643830353533333131643235333834623365313031366339303865
62636566633939343564353430636339363562633762393530303434356333363966313531663134
66326362303333346333363236316339313465616636393166663132346533653535616562613861
63323766663731653738366638373537353134653733623630316632643762343834633239303432
32626135633131343931386137383530646135333239373136643363363434393832396337613736
30616331376635666338653838383732633066363562333534373836663438346463646265373830
35356131306161626238
